frec = 176.93E3;

fref = 175E3;
fp = 860E6;
p = (frec - fref)/(fp + fref) * 10^6;

r = 2*100E3*(3/2)
